420 384 1
430 425 0
400 406 1
346 430 0
243 190 1
186 248 0
439 410 1
493 467 1
503 489 0
60 115 1
20 61 0
338 440 0
106 81 0
256 199 0
561 557 1
213 280 0
290 273 1
429 441 1
560 507 0
144 2 0
248 151 1
552 520 0
507 499 0
191 267 0
296 191 0
405 310 1
394 321 1
43 29 0
301 383 0
583 564 1
528 563 1
28 82 0
10 118 1
227 172 1
16 122 0
2 147 0
182 243 1
360 404 1
41 32 0
504 493 0
413 419 1
429 425 0
191 219 0
121 54 0
493 460 1
505 592 0
16 30 0
570 591 0
309 336 0
451 448 0
181 167 0
81 142 1
590 464 0
236 198 0
208 259 0
444 405 1
477 586 0
332 317 0
255 267 0
470 461 1
57 68 1
352 402 0
541 458 1
40 24 0
67 129 0
195 281 0
239 150 0
48 72 1
385 314 1
475 520 1
132 40 1
57 141 0
538 588 0
309 385 1
185 188 1
516 471 1
79 148 1
27 4 1
137 130 0
160 219 0
415 422 0
351 377 1
467 515 1
292 281 0
230 275 1
225 213 0
306 308 1
134 88 1
46 144 0
343 401 1
106 148 0
140 136 1
577 567 0
357 433 1
585 474 1
83 101 1
480 567 0
482 509 1
551 537 0
236 234 0
100 89 0
241 234 1
28 38 0
33 22 0
515 587 0
23 118 0
145 32 0
215 149 0
145 70 0
389 342 0
241 174 0
458 525 1
119 134 0
182 283 1
356 396 0
336 375 0
2 17 0
489 517 1
242 261 0
235 294 0
113 126 1
17 131 0
46 143 1
167 242 0
566 488 0
226 167 0
238 258 0
577 589 0
137 82 0
237 222 0
456 449 0
590 459 0
92 137 0
533 450 1
559 509 1
491 514 1
358 347 0
264 173 0
133 62 1
391 347 0
458 454 1
118 79 1
184 174 0
441 307 0
378 395 1
126 5 0
262 217 0
397 426 0
275 240 1
179 197 1
260 280 0
381 344 0
582 483 1
562 557 1
504 556 0
72 57 1
186 169 0
284 161 1
336 332 0
559 538 0
125 50 0
237 196 0
335 440 0
468 590 1
499 569 0
554 565 1
546 489 0
202 264 1
137 62 0
256 239 0
389 370 1
411 385 1
159 271 0
133 40 1
212 185 0
216 278 0
506 575 0
302 315 0
242 237 0
583 568 1
140 146 1
422 428 0
375 316 1
365 311 0
223 289 0
459 535 0
589 571 0
171 178 1
171 155 0
488 526 0
375 364 0
311 395 1
215 252 0
128 39 0
323 356 0
375 387 1
331 355 0
95 68 1
353 335 0
260 213 0
