256 187 1
63 35 1
478 481 0
80 103 1
102 10 1
279 352 0
308 298 1
62 81 1
56 100 1
336 313 1
75 24 0
229 141 0
506 485 1
364 352 0
501 448 0
66 76 0
138 212 1
389 469 0
59 54 1
198 138 1
302 311 0
424 488 0
86 82 0
36 60 1
496 475 0
42 90 1
311 340 0
309 363 1
56 85 0
318 376 1
410 401 0
370 369 1
438 480 0
321 355 0
300 380 0
7 59 1
42 49 1
284 373 0
51 71 1
194 144 0
484 477 1
54 53 0
466 397 1
239 218 0
306 379 0
471 404 1
18 9 0
320 306 0
126 19 0
39 99 1
195 255 0
240 253 1
264 333 1
501 401 0
162 172 1
50 20 0
393 440 0
493 434 1
489 404 1
511 408 1
46 85 1
374 296 1
413 411 0
495 485 1
436 453 0
446 410 0
159 230 1
111 112 1
175 189 1
505 468 0
333 334 1
394 392 1
499 435 1
186 200 0
283 335 1
119 34 0
1 26 1
142 202 1
251 215 1
416 461 0
116 92 1
232 205 0
206 219 0
132 146 0
43 84 1
258 326 0
476 409 0
160 246 1
369 293 1
65 127 0
170 249 1
426 387 0
506 452 1
330 357 0
53 12 1
211 205 1
351 378 1
36 9 1
160 150 1
166 249 1
16 105 0
190 152 1
450 422 1
65 26 1
91 71 1
493 428 1
448 425 0
72 45 0
162 201 1
482 399 0
134 208 1
431 392 0
155 222 1
228 179 1
218 199 1
87 18 0
298 346 0
357 350 0
31 99 1
187 213 1
501 505 0
294 306 1
67 127 1
244 198 1
261 289 0
87 71 1
262 330 0
300 317 1
405 427 1
396 437 1
201 131 1
209 134 1
113 100 1
218 148 1
249 220 1
499 490 1
317 285 0
495 477 1
345 346 0
219 164 0
36 127 1
456 467 1
452 450 0
160 161 1
122 21 0
383 269 0
195 140 0
104 97 0
445 398 1
482 503 1
414 403 1
456 494 1
501 493 1
61 39 1
197 143 0
328 283 1
84 91 1
392 405 1
87 66 1
290 301 0
347 365 0
104 118 1
484 458 1
464 418 1
328 295 1
474 498 1
86 110 1
19 101 1
146 245 1
257 305 0
420 462 0
436 460 0
127 73 0
37 17 0
377 290 0
267 290 0
481 430 0
307 330 0
46 43 1
130 208 1
242 168 1
288 341 1
200 208 0
216 158 1
116 48 1
336 372 1
139 175 1
341 339 1
386 481 0
92 49 0
374 287 0
405 460 0
232 138 1
273 354 1
492 392 1
101 103 0
179 167 0
233 214 1
260 271 1
378 363 1
