367 345 1
532 495 1
105 51 1
422 349 0
477 499 0
279 228 1
426 358 0
179 248 1
511 588 0
150 56 0
163 169 1
209 259 1
457 476 0
599 522 1
137 43 1
195 231 0
367 439 1
286 183 1
243 296 1
432 431 1
364 424 0
487 544 0
244 297 1
442 375 1
335 309 1
134 48 1
359 403 1
564 470 1
345 353 1
338 378 0
568 487 0
320 382 0
504 455 0
367 329 1
496 560 1
387 323 1
357 386 0
598 460 1
373 321 0
388 407 0
43 109 1
232 192 1
512 496 1
592 506 1
355 419 1
304 374 1
117 87 1
279 184 1
543 599 1
28 94 0
45 99 1
293 205 1
432 356 1
340 436 1
153 178 1
271 202 0
396 435 0
457 486 0
513 583 0
306 360 1
521 490 1
238 263 1
292 266 0
427 365 0
66 32 1
524 454 1
187 176 1
248 165 1
486 548 1
531 567 0
307 359 1
35 13 0
417 358 1
511 469 0
183 186 1
528 451 1
150 128 0
222 296 1
597 590 1
87 72 1
360 356 1
309 388 0
528 500 1
185 174 1
591 507 0
415 444 0
427 366 1
432 327 1
76 65 0
26 47 1
99 122 1
191 251 1
526 567 0
295 235 0
210 217 1
72 45 0
449 353 1
183 162 1
304 432 1
190 250 1
266 219 1
461 513 1
137 142 1
590 485 0
134 49 1
316 388 0
341 400 1
221 273 1
137 56 0
297 164 0
169 239 0
326 345 0
100 76 1
341 435 0
351 415 0
589 453 1
313 450 0
590 496 0
552 551 1
20 119 0
137 117 1
227 154 1
382 399 0
170 251 0
234 188 0
520 514 1
344 333 1
152 288 1
75 28 0
3 72 1
404 397 1
122 44 1
225 197 0
475 563 1
436 323 1
289 239 0
496 554 1
37 121 1
39 68 1
437 445 0
435 311 0
79 99 1
161 196 0
379 324 1
404 386 1
207 215 1
154 295 0
239 199 1
294 187 1
17 89 1
36 7 0
562 494 1
330 327 1
124 7 0
74 111 0
351 428 0
468 576 1
533 513 1
179 293 1
139 145 0
259 235 1
134 31 0
382 331 0
387 440 0
419 368 1
98 135 0
43 30 0
25 131 0
26 102 0
78 139 0
235 251 1
584 480 1
258 191 1
89 15 1
588 553 1
177 224 0
409 390 1
95 74 0
101 8 0
48 14 0
150 42 1
184 239 1
163 280 1
567 522 0
532 526 1
274 194 1
86 23 1
238 217 1
528 470 0
67 50 1
534 480 1
462 543 0
11 19 1
129 119 1
393 319 1
146 136 0
519 499 0
364 389 0
498 527 0
22 2 0
