10 79 0
640 491 1
128 57 0
306 261 0
544 516 1
521 500 1
118 126 1
62 43 0
322 323 1
39 104 1
275 305 0
450 459 0
525 570 1
214 221 1
3 99 1
576 612 0
630 626 1
588 551 0
557 528 0
354 465 0
183 221 1
158 88 0
386 329 0
304 216 0
196 266 1
442 390 1
455 461 1
270 200 1
386 475 0
50 39 0
627 590 0
121 131 1
135 66 1
427 348 1
82 106 0
407 461 1
421 418 1
563 587 0
495 617 0
528 524 0
248 187 1
245 298 1
49 54 1
277 176 1
241 277 1
221 260 0
36 124 0
588 537 0
18 20 0
88 18 1
115 119 0
95 98 0
42 53 0
176 280 0
430 476 0
207 186 0
414 423 1
342 335 0
220 229 0
75 59 0
61 95 0
194 277 1
48 150 0
530 592 0
202 199 0
268 319 0
229 260 0
291 234 0
617 634 0
49 106 1
165 298 1
302 175 0
47 52 0
338 469 0
624 501 0
431 401 0
614 543 0
163 257 1
143 14 1
547 503 1
455 438 1
575 541 0
165 203 1
622 485 0
93 148 1
525 640 0
20 14 1
102 20 1
25 100 0
240 260 1
50 37 0
120 65 1
121 110 0
362 408 0
101 118 0
584 560 0
633 505 1
328 372 1
548 505 1
9 45 1
288 316 1
169 289 0
163 250 1
299 286 0
495 630 0
583 638 0
155 67 0
275 308 0
333 406 1
365 349 1
512 509 0
292 229 0
114 127 1
282 253 1
505 620 0
631 537 0
439 445 0
492 591 1
206 270 1
47 106 1
604 602 0
41 137 0
531 495 0
190 284 1
21 64 0
106 152 1
387 400 0
297 282 1
566 609 1
351 379 0
431 374 0
502 555 0
153 81 0
262 226 0
352 432 0
85 10 0
137 3 0
286 164 0
269 183 0
440 376 1
512 547 0
86 25 0
110 81 0
286 307 0
556 511 0
323 382 0
615 512 0
102 149 0
344 383 0
472 408 0
368 353 0
506 601 0
610 619 0
93 111 0
105 108 1
4 75 0
242 300 1
139 134 1
540 611 0
244 207 0
598 487 0
385 443 0
504 622 0
349 403 1
617 489 0
65 155 1
85 157 0
479 376 0
433 341 1
591 631 1
43 105 0
40 17 0
545 498 0
13 101 0
329 333 1
328 367 0
321 408 0
531 618 0
130 140 1
394 407 1
492 593 0
387 425 1
583 500 0
467 428 0
461 383 1
632 630 0
534 627 0
85 21 0
351 358 0
487 511 0
328 375 0
239 264 0
269 222 1
314 222 1
620 515 1
260 218 1
295 232 1
572 605 1
297 227 1
242 266 1
